((("setLengthDomain" .
   [0 0 0 0 0 2 0 0 0 0 0 0 0 0 0])
  ("rho" .
   [1 0 0])
  ("dth_dt" .
   [1 0 0 0 0 0])
  ("real" .
   [4 0 0 0])
  ("p3" .
   [1 0])
  ("getTemperature" .
   [0 0 0 0 0 6 0 0 0 0 0 0 0 0])
  ("x" .
   [1])
  ("dx" .
   [1 0])
  ("x_min" .
   [1 0 0 0 0])
  ("par" .
   [3 0 0])
  ("copy_tree" .
   [1 0 0 0 0 0 0 0 0])
  ("distutils" .
   [0 0 0 0 0 1 0 0 0])
  ("file_name" .
   [2 0 0 0 0 0 0 0 0])
  ("branches" .
   [2 0 0 0 0 0 0 0])
  ("double" .
   [0 0 0 1 0 0])
  ("out" .
   [4 0 0])
  ("fftw_complex" .
   [0 0 0 0 0 0 0 0 1 1 0 0])
  ("d" .
   [2])
  ("menu-bar-mode" .
   [1 0 0 0 0 0 0 0 0 0 0 0 0])
  ("set-fringe-" .
   [0 0 0 0 0 0 0 0 0 0 1])
  ("s" .
   [2])
  ("tooltip-mode" .
   [1 0 0 0 0 0 0 0 0 0 0 0])
  ("tool-bar-mode" .
   [1 0 0 0 0 0 0 0 0 0 0 0 0])
  ("scroll-bar-mode" .
   [1 0 0 0 0 0 0 0 0 0 0 0 0 0 0])
  ("inhibit-startup-message" .
   [0 0 0 0 0 0 0 0 0 0 0 0 0 0 0 0 0 0 1 0 0 0 0])
  ("setq" .
   [1 0 0 0])
  ("iostream" .
   [0 0 0 1 0 0 0 0])
  ("f" .
   [4])
  ("for" .
   [0 0 2])
  ("str" .
   [1 0 0])
  ("stream" .
   [2 0 0 0 0 0])
  ("std" .
   [27 0 1])
  ("cout" .
   [10 0 0 0])
  ("include" .
   [0 0 0 0 0 1 0])
  ("main" .
   [2 0 0 0])
  ("gsl_sf_bessel" .
   [0 0 0 0 1 0 0 0 0 0 0 0 0])
  ("endl" .
   [7 0 0 0])
  ("doom-nord" .
   [1 0 0 0 0 0 0 0 0])
  ("cos" .
   [2 0 0])
  ("t" .
   [3])
  ("val" .
   [22 0 0])
  ("ASSERT_NEAR" .
   [0 0 0 0 0 0 1 1 0 0 0])
  ("abs" .
   [4 0 0])
  ("m_out" .
   [1 0 0 0 0])
  ("in" .
   [10 0])
  ("m_in" .
   [2 0 0 0])
  ("size" .
   [5 0 0 0])
  ("v" .
   [2])
  ("Real" .
   [6 0 2 0])
  ("c" .
   [3])
  ("complex" .
   [5 0 0 0 0 0 0])
  ("results" .
   [9 0 0 0 6 0 1])
  ("vector" .
   [2 0 0 0 0 0])
  ("Matrix" .
   [4 0 0 0 0 0])
  ("start" .
   [3 0 0 0 0])
  ("stop" .
   [4 0 0 0])
  ("step" .
   [5 0 0 0])
  ("arange" .
   [1 0 0 0 0 0])
  ("value" .
   [4 0 0 0 0])
  ("storage" .
   [7 0 0 0 1 0 0])
  ("a" .
   [2])
  ("p1" .
   [7 0])
  ("p" .
   [4])
  ("data" .
   [1 0 0 0])
  ("begin" .
   [2 0 0 0 2])
  ("b" .
   [1])
  ("first" .
   [4 0 0 0 0])
  ("i" .
   [2])
  ("last" .
   [1 0 0 0])
  ("push_back" .
   [0 0 0 0 2 0 0 0 0])
  ("return" .
   [0 0 0 0 0 1])
  ("TEST" .
   [1 0 0 0])
  ("FFT" .
   [3 0 0])
  ("computeFrequencies" .
   [0 0 0 0 0 0 0 0 1 0 1 0 0 0 0 0 0 0])
  ("freq_fft" .
   [3 0 0 0 0 0 0 0])
  ("freq_test" .
   [1 0 0 0 0 0 0 0 0])
  ("entry" .
   [4 0 0 0 0])
  ("index" .
   [1 0 0 0 0])
  ("get" .
   [3 0 0])
  ("h" .
   [1])
  ("Get" .
   [1 0 0])
  ("getPosition" .
   [0 0 0 0 0 6 0 0 0 0 0])
  ("p2" .
   [3 0])
  ("p4" .
   [4 0])
  ("dt" .
   [8 0])
  ("setNSteps" .
   [1 0 0 0 1 0 0 0 0])
  ("r" .
   [3])
  ("UInt" .
   [3 0 0 0])
  ("N_s" .
   [3 0 0])
  ("temperature" .
   [3 0 0 0 0 0 0 0 0 0 1])
  ("M_PI" .
   [14 0 0 0])
  ("fx" .
   [18 0])
  ("fy" .
   [11 0])
  ("th_" .
   [4 0 0])
  ("hv_" .
   [3 0 0])
  ("qx2" .
   [1 0 0])
  ("qy2" .
   [1 0 0])
  ("pow" .
   [2 0 0])
  ("freq" .
   [2 0 0 0])
  ("imag" .
   [1 0 0 0])
  ("qx" .
   [3 0])
  ("qy" .
   [3 0])
  ("zenburn" .
   [1 0 0 0 0 0 0])))
